   0.0000000000000000e+00   0.0000000000000000e+00   1.0000000000000000e+00   5.2530419640841308e-01
   8.9693860623215427e-01   0.0000000000000000e+00  -4.4215510474303077e-01   5.2403520365594836e-01
  -9.2377769113664787e-01   3.2687343914470107e-01   1.9947062976779176e-01   5.2473634191792817e-01
   1.4368943734365786e-01  -9.8721241663310200e-01   6.9028907287408597e-02   5.0167644236905551e-01
  -4.3832592663319081e-01  -7.7885459363391685e-01   4.4861554143442339e-01   4.9113731587014364e-01
  -7.3358290144865324e-01   4.8014898248674581e-01  -4.8095018590194782e-01   5.2530419640841342e-01
   3.8159661270194267e-01  -1.7992771337462390e-01  -9.0664769515737631e-01   4.1068768964899011e-01
  -2.5515926332406291e-01   2.3214952710842834e-01  -9.3861618748200515e-01   5.3191507432106400e-01
   1.6917798056826827e-01  -6.5248036113310626e-01   7.3868003169603413e-01   5.2473634191792740e-01
   7.8132090356590778e-01  -6.0412974468603486e-01   1.5673192794239379e-01   5.3191507432106455e-01
   9.6563530527723984e-01   1.1457134618791888e-01   2.3328494129458943e-01   5.1451481555049061e-01
  -9.2652543599531645e-01  -3.5421566466076904e-01   1.2681434998697305e-01   4.9113731587014242e-01
  -5.2551733490803254e-01  -8.0741021318262107e-01  -2.6817956365009105e-01   4.9113731587014275e-01
   1.1600038404018184e-01   9.5080824888441817e-01   2.8724133538868785e-01   5.1451481555049039e-01
   6.3384827714389924e-01  -1.6237088724442425e-01   7.5622222695261299e-01   4.1068768964898900e-01
  -1.4052356737406879e-01  -5.9324517425908330e-01  -7.9266215390339878e-01   5.2473634191792795e-01
  -6.5327629721432401e-01  -1.0299181276678626e-01   7.5008183953549590e-01   5.0167644236905584e-01
  -5.1894785176889868e-01   8.5195727608810246e-01   6.9727518706648464e-02   4.1068768964899194e-01
   4.2594723013549352e-01   4.8216783212715753e-01  -7.6556066957602920e-01   5.1451481555049261e-01
   4.9917356801642859e-01  -7.2077227171599223e-01  -4.8095018590194549e-01   5.2530419640841142e-01
  -3.3045071506420021e-01   5.7287924264974122e-01   7.5007446180670467e-01   5.3191507432106433e-01
  -2.2393697107401085e-02   8.9508929097978140e-01  -4.4532424535744081e-01   5.2403520365594736e-01
   6.9335220938949405e-01   7.1173227949091722e-01  -1.1269372682350214e-01   4.9434937513306826e-01
  -7.6087570121144854e-01  -2.1393701708582941e-01  -6.1261661749123653e-01   5.0167644236905529e-01
   5.2267586877158023e-01   5.3917040522837378e-01   6.6038262418823912e-01   5.2403520365594902e-01
