  0.0000000000000000e+000  0.0000000000000000e+000  1.0000000000000000e+000  7.3999377643692810e-001
  8.9273429807179527e-001  0.0000000000000000e+000 -4.5058348066286125e-001  7.3999377643692787e-001
 -1.4301510478336188e-001  9.8579910306911467e-001 -8.8015954189755163e-002  7.3999377643692688e-001
 -7.3214276086495222e-001  5.1082433836573149e-001 -4.5058348066286003e-001  7.3999377643692854e-001
  6.5748213697787805e-001 -7.4831172071742225e-001 -8.8015954189756496e-002  7.3999377643692765e-001
 -7.0626478165373330e-001  4.7595590936077425e-001  5.2407635945553088e-001  9.2161132427900849e-001
 -6.0670408850507063e-001 -4.8914548265981833e-001  6.2661538904237324e-001  7.3999377643692887e-001
 -2.9492456926406690e-001 -9.3812320737717869e-001 -1.8150577463199227e-001  9.2161132427900960e-001
  2.1767572867043725e-001 -7.4831172071742269e-001  6.2661538904237279e-001  7.3999377643692787e-001
 -5.1446703219451573e-001 -2.3748738235169115e-001 -8.2396809162048790e-001  7.3999377643692743e-001
  8.5155965361038066e-001 -1.3788611344369470e-002  5.2407635945553044e-001  9.2161132427900860e-001
  2.8603020956672459e-001 -4.8914548265981850e-001 -8.2396809162048790e-001  7.3999377643692776e-001
  1.4962969730741976e-001  4.7595590936077353e-001 -8.6664694427906974e-001  9.2161132427900883e-001
 -9.6739492195887000e-001 -2.3748738235169184e-001 -8.8015954189756274e-002  7.3999377643692821e-001
  6.8136471239214502e-001  7.2663286501151070e-001 -8.8015954189756274e-002  7.3999377643692898e-001
  2.2843682262779150e-001  7.2663286501151014e-001  6.4793618324097579e-001  7.3999377643692754e-001
